# tr|F9UMS9|F9UMS9_LACPL
#pos	aa	i	o	M	S
1	M	0.99841	0.00107	0.00000	0.00052
2	Q	0.99841	0.00107	0.00000	0.00052
3	R	0.99841	0.00107	0.00000	0.00052
4	R	0.99841	0.00107	0.00000	0.00052
5	S	0.98733	0.00107	0.01108	0.00052
6	N	0.98733	0.00047	0.01167	0.00053
7	A	0.14240	0.0004	0.85667	0.00052
8	Y	0.13269	0.0004	0.86638	0.00052
9	H	0.11506	0.0004	0.88401	0.00052
10	I	0.10487	0.0004	0.89421	0.00052
11	S	0.10487	0.0004	0.89421	0.00052
12	V	0.00063	7e-05	0.99878	0.00052
13	L	0.00008	4e-05	0.99936	0.00052
14	A	0.00001	3e-05	0.99943	0.00053
15	V	0.00000	2e-05	0.99945	0.00053
16	L	0.00000	2e-05	0.99946	0.00053
17	M	0.00000	2e-05	0.99946	0.00052
18	A	0.00000	2e-05	0.99946	0.00052
19	I	0.00000	2e-05	0.99946	0.00053
20	V	0.00000	5e-05	0.99946	0.00048
21	I	0.00000	6e-05	0.99945	0.00048
22	I	0.00000	9e-05	0.99942	0.00049
23	Q	0.00005	0.01119	0.98828	0.00048
24	N	0.00006	0.02322	0.97643	0.0003
25	I	0.00008	0.03598	0.96369	0.00026
26	V	0.00013	0.19294	0.80687	6e-05
27	P	0.00022	0.65285	0.34688	5e-05
28	F	0.00024	0.66159	0.33812	6e-05
29	F	0.00023	0.70754	0.29222	0
30	G	0.00030	0.77977	0.21993	0
31	Y	0.00033	0.73283	0.26684	0
32	I	0.00035	0.34236	0.65729	0
33	P	0.00059	0.34659	0.65282	0
34	L	0.00058	0.28858	0.71084	0
35	P	0.00083	0.20891	0.79026	0
36	G	0.00079	0.10478	0.89442	0
37	L	0.00076	0.03098	0.96825	0
38	S	0.00076	0.00406	0.99518	0
39	I	0.00074	0.00141	0.99785	0
40	T	0.00074	0.00075	0.99851	0
41	T	0.00068	0.00066	0.99865	0
42	I	0.00063	0.00061	0.99876	0
43	H	0.00060	0.0006	0.99880	0
44	V	0.00036	0.00059	0.99905	0
45	T	0.00032	0.00058	0.99909	0
46	V	0.00007	0.00058	0.99935	0
47	I	0.00010	0.00057	0.99932	0
48	L	0.00026	0.00057	0.99916	0
49	A	0.00105	0.00057	0.99837	0
50	A	0.00337	0.00058	0.99605	0
51	V	0.01254	0.00058	0.98688	0
52	V	0.09841	0.00059	0.90099	0
53	L	0.29741	0.00062	0.70197	0
54	G	0.73647	0.00072	0.26281	0
55	P	0.91110	0.00078	0.08811	0
56	R	0.98595	0.00083	0.01322	0
57	D	0.98536	0.00085	0.01379	0
58	G	0.81145	0.00083	0.18771	0
59	A	0.56912	0.0008	0.43007	0
60	I	0.29335	0.00079	0.70586	0
61	I	0.22802	0.00078	0.77119	0
62	G	0.18881	0.00078	0.81040	0
63	G	0.15726	0.00078	0.84195	0
64	A	0.11616	0.00078	0.88306	0
65	W	0.05051	0.00078	0.94871	0
66	G	0.03202	0.00079	0.96719	0
67	I	0.00289	0.00079	0.99632	0
68	I	0.00129	0.00081	0.99790	0
69	A	0.00027	0.00086	0.99887	0
70	W	0.00006	0.00091	0.99903	0
71	I	0.00004	0.00108	0.99888	0
72	R	0.00004	0.00131	0.99864	0
73	A	0.00004	0.00139	0.99857	0
74	F	0.00004	0.00466	0.99530	0
75	V	0.00004	0.01569	0.98426	0
76	A	0.00005	0.11499	0.88496	0
77	P	0.00006	0.17746	0.82247	0
78	T	0.00007	0.30097	0.69896	0
79	S	0.00008	0.49907	0.50084	0
80	P	0.00009	0.56932	0.43060	0
81	L	0.00008	0.56146	0.43846	0
82	A	0.00009	0.59463	0.40528	0
83	P	0.00009	0.61832	0.38159	0
84	I	0.00008	0.61723	0.38269	0
85	V	0.00008	0.68663	0.31329	0
86	F	0.00008	0.71825	0.28167	0
87	T	0.00009	0.766	0.23391	0
88	N	0.00008	0.77972	0.22020	0
89	P	0.00007	0.64629	0.35364	0
90	L	0.00005	0.35044	0.64951	0
91	I	0.00004	0.23707	0.76288	0
92	S	0.00004	0.16144	0.83852	0
93	V	0.00001	0.01929	0.98071	0
94	I	0.00001	0.00116	0.99884	0
95	P	0.00001	0.00019	0.99980	0
96	R	0.00000	6e-05	0.99994	0
97	I	0.00000	0	0.99999	0
98	L	0.00001	0	0.99999	0
99	V	0.00001	0	0.99999	0
100	G	0.00004	0	0.99996	0
101	L	0.00005	0	0.99995	0
102	I	0.00008	0	0.99992	0
103	A	0.00013	0	0.99987	0
104	G	0.00020	0	0.99980	0
105	W	0.00030	0	0.99970	0
106	V	0.00299	0	0.99701	0
107	F	0.00657	0	0.99342	0
108	I	0.01476	1e-05	0.98523	0
109	W	0.07471	2e-05	0.92528	0
110	F	0.13724	2e-05	0.86274	0
111	Q	0.94958	7e-05	0.05035	0
112	K	0.99571	0.00011	0.00418	0
113	R	0.99959	0.00012	0.00030	0
114	H	0.99979	0.00012	0.00009	0
115	Q	0.99901	0.00012	0.00088	0
116	K	0.99338	0.00011	0.00651	0
117	V	0.53916	7e-05	0.46077	0
118	L	0.49674	6e-05	0.50319	0
119	G	0.46902	6e-05	0.53092	0
120	M	0.41787	5e-05	0.58208	0
121	T	0.37005	5e-05	0.62990	0
122	L	0.01948	1e-05	0.98051	0
123	A	0.00448	0	0.99551	0
124	G	0.00294	0	0.99706	0
125	V	0.00201	0	0.99799	0
126	A	0.00164	0	0.99836	0
127	G	0.00158	0	0.99842	0
128	A	0.00113	0	0.99887	0
129	L	0.00084	0	0.99916	0
130	T	0.00067	0	0.99933	0
131	N	0.00025	0	0.99975	0
132	T	0.00010	0	0.99990	0
133	I	0.00003	0	0.99997	0
134	L	0.00002	3e-05	0.99995	0
135	V	0.00001	0.00031	0.99968	0
136	L	0.00001	0.00078	0.99921	0
137	G	0.00001	0.00241	0.99758	0
138	L	0.00001	0.0037	0.99629	0
139	I	0.00002	0.01819	0.98179	0
140	G	0.00002	0.06531	0.93467	0
141	L	0.00003	0.09503	0.90495	0
142	L	0.00005	0.27725	0.72270	0
143	Y	0.00008	0.43766	0.56227	0
144	S	0.00011	0.75607	0.24382	0
145	H	0.00012	0.84633	0.15355	0
146	Q	0.00012	0.91767	0.08220	0
147	A	0.00013	0.97456	0.02532	0
148	A	0.00013	0.98286	0.01702	0
149	G	0.00012	0.98948	0.01040	0
150	F	0.00012	0.99263	0.00725	0
151	Y	0.00012	0.99448	0.00540	0
152	Q	0.00012	0.99663	0.00324	0
153	V	0.00012	0.9974	0.00248	0
154	N	0.00012	0.99809	0.00180	0
155	L	0.00012	0.99561	0.00428	0
156	S	0.00012	0.99472	0.00517	0
157	K	0.00012	0.99111	0.00878	0
158	L	0.00010	0.81423	0.18567	0
159	M	0.00010	0.71017	0.28974	0
160	P	0.00009	0.65399	0.34593	0
161	Y	0.00006	0.44184	0.55811	0
162	L	0.00003	0.30268	0.69729	0
163	L	0.00002	0.13844	0.86154	0
164	T	0.00002	0.10106	0.89892	0
165	I	0.00004	0.05515	0.94481	0
166	V	0.00006	0.04253	0.95741	0
167	A	0.00021	0.0383	0.96150	0
168	S	0.00091	0.03645	0.96264	0
169	N	0.00104	0.0317	0.96726	0
170	G	0.00108	0.01973	0.97919	0
171	I	0.00107	0.00948	0.98945	0
172	P	0.00113	0.00845	0.99043	0
173	E	0.00106	0.00729	0.99165	0
174	A	0.00040	0.0028	0.99680	0
175	I	0.00031	0.00196	0.99773	0
176	L	0.00038	0.00192	0.99770	0
177	A	0.00066	0.00192	0.99743	0
178	G	0.00096	0.00192	0.99712	0
179	I	0.00131	0.00192	0.99677	0
180	L	0.00287	0.00192	0.99520	0
181	T	0.01743	0.00192	0.98064	0
182	P	0.02753	0.00194	0.97053	0
183	L	0.03623	0.00194	0.96183	0
184	I	0.14641	0.00195	0.85165	0
185	G	0.38546	0.00199	0.61255	0
186	T	0.57325	0.00201	0.42473	0
187	P	0.63586	0.00202	0.36212	0
188	L	0.65500	0.00202	0.34298	0
189	L	0.71593	0.00204	0.28204	0
190	R	0.90613	0.00212	0.09175	0
191	F	0.93512	0.00226	0.06262	0
192	K	0.99352	0.00282	0.00366	0
193	K	0.99703	0.00296	0.00000	0
